
  N = 10000
   HeapSort    Comparacoes         Trocas    Tempo [µs]
          0         113705          54591           9887
          1         113470          54441          10215
          2         115070          55303          22005
          3         114052          54755           9987
          4         112822          54119           9477
      Media         113823          54641          12314
        std            741            391           4851
  QuickSort    Comparacoes         Trocas    Tempo [µs]
          0          48685          13046           2499
          1          48006          11073           2298
          2          46728          12940           3441
          3          46555          11533           2334
          4          45520          10976           2303
      Media          47098          11913           2575
        std           1119            901            439
    TimSort    Comparacoes         Trocas    Tempo [µs]
          0         191665         181323          82811
          1         188935         178572          80944
          2         191111         180747          93304
          3         185221         174826          80277
          4         188769         178416          81204
      Media         189140         178776          83708
        std           2271           2286           4869

  N = 50000
   HeapSort    Comparacoes         Trocas    Tempo [µs]
          0         652686         314680          60156
          1         649283         312793          62127
          2         654417         315520          64602
          3         652192         314285          59308
          4         648070         312209          59909
      Media         651329         313897          61220
        std           2320           1221           1937
  QuickSort    Comparacoes         Trocas    Tempo [µs]
          0         231064          66784          14762
          1         299321         118484          22004
          2         243641          71060          15065
          3         241406          68892          14128
          4         244925          83626          16910
      Media         252071          81769          16573
        std          24123          19269           2868
    TimSort    Comparacoes         Trocas    Tempo [µs]
          0         984605         932405        2108144
          1         965895         913760        2118412
          2         972824         920560        2108931
          3         977659         925567        2152723
          4         975367         923245        2073383
      Media         975270         923107        2112318
        std           6111           6105          25355

 N = 100000
   HeapSort    Comparacoes         Trocas    Tempo [µs]
          0        1372971         662498         128757
          1        1377134         664864         138108
          2        1380157         666439         144112
          3        1378189         665397         140222
          4        1374814         663516         171882
      Media        1376653         664542         144616
        std           2522           1390          14538
  QuickSort    Comparacoes         Trocas    Tempo [µs]
          0         467550         113962          28628
          1         531502         181379          39715
          2         496150         142248          34641
          3         501731         192833          41490
          4         543966         244600          47683
      Media         508179         175004          38431
        std          27061          44724           6435
    TimSort    Comparacoes         Trocas    Tempo [µs]
          0        2044498        1939823        8742744
          1        2055435        1950631        9321787
          2        2021614        1916951        9179354
          3        2088992        1984162        9141909
          4        2056261        1951374        8991017
      Media        2053360        1948588        9075362
        std          21765          21703         196833

 N = 500000
   HeapSort    Comparacoes         Trocas    Tempo [µs]
          0        7777833        3770822         745695
          1        7768315        3765868         874590
          2        7770416        3767033         807058
          3        7767759        3765638         819074
          4        7771459        3767555         895005
      Media        7771157        3767383         828284
        std           3600           1861          52824
  QuickSort    Comparacoes         Trocas    Tempo [µs]
          0        2333014         610798         158452
          1        2517340         908833         258312
          2        2488716         782151         191540
          3        2310476         594531         186232
          4        2439739         769162         283538
      Media        2417857         733095         215614
        std          82614         117258          47216
    TimSort    Comparacoes         Trocas    Tempo [µs]
          0              0              0              0
          1              0              0              0
          2              0              0              0
          3              0              0              0
          4              0              0              0
      Media              0              0              0
        std              0              0              0

N = 1000000
   HeapSort    Comparacoes         Trocas    Tempo [µs]
          0       16281257        7902764        1606466
          1       16292861        7908666        1689045
          2       16296622        7910972        1642595
          3       16276095        7899247        1609124
          4       16302124        7912851        2120969
      Media       16289792        7906900        1733639
        std           9680           5114         195948
  QuickSort    Comparacoes         Trocas    Tempo [µs]
          0        5281845        2299386         521404
          1        4924197        1007262         376453
          2        4974359        1543044         426672
          3        4671281        1095787         301169
          4        4767197        1746430         475406
      Media        4923776        1538381         420220
        std         209305         469129          76699
    TimSort    Comparacoes         Trocas    Tempo [µs]
          0              0              0              0
          1              0              0              0
          2              0              0              0
          3              0              0              0
          4              0              0              0
      Media              0              0              0
        std              0              0              0
