
  N = 10000
   HeapSort    Comparacoes         Trocas    Tempo [µs]
          0         114167          54817          10281
          1         114577          55032          10084
          2         114494          54978           9811
          3         111770          53496           9398
          4         113910          54700           9889
      Media         113783          54604           9892
        std           1034            566            296
  QuickSort    Comparacoes         Trocas    Tempo [µs]
          0          47274          12386           2443
          1          48775          17374           2801
          2          48764          10927           2354
          3          47082          12756           2382
          4          48065          13244           2454
      Media          47992          13337           2486
        std            715           2161            161

  N = 50000
   HeapSort    Comparacoes         Trocas    Tempo [µs]
          0         645090         310597          59267
          1         648831         312609          60432
          2         647840         311899          59416
          3         649961         313227          60777
          4         653041         314772          59173
      Media         648952         312620          59813
        std           2604           1386            659
  QuickSort    Comparacoes         Trocas    Tempo [µs]
          0         230068          55083          29619
          1         245094          77892          17809
          2         260741         105633          19128
          3         240904          77304          16712
          4         246981          52480          13646
      Media         244757          73678          19382
        std           9911          19220           5428

 N = 100000
   HeapSort    Comparacoes         Trocas    Tempo [µs]
          0        1372507         662158         127994
          1        1385012         669082         133072
          2        1378149         665225         127599
          3        1374938         663662         130086
          4        1375613         663959         127015
      Media        1377243         664817         129153
        std           4279           2345           2216
  QuickSort    Comparacoes         Trocas    Tempo [µs]
          0         461699         118114          29009
          1         473155         110209          29957
          2         510545         149111          36253
          3         494693         127959          30631
          4         538816         193532          54682
      Media         495781         139785          36106
        std          27366          29866           9625

 N = 500000
   HeapSort    Comparacoes         Trocas    Tempo [µs]
          0        7761233        3761744         726905
          1        7786831        3775511         731021
          2        7759131        3761319         803174
          3        7763048        3762846         741727
          4        7766076        3764385         731533
      Media        7767264        3765160         746872
        std          10045           5282          28571
  QuickSort    Comparacoes         Trocas    Tempo [µs]
          0        2415873         533534         151358
          1        2448694         796306         184383
          2        2505375         683545         172412
          3        2391578         655312         166024
          4        2351866         562353         186439
      Media        2422677         646210         172123
        std          52045          93523          12835

N = 1000000
   HeapSort    Comparacoes         Trocas    Tempo [µs]
          0       16300523        7912764        1550999
          1       16302411        7913761        1522452
          2       16306783        7916505        1518450
          3       16275801        7899918        1679180
          4       16280183        7902638        1792664
      Media       16293139        7909117        1612749
        std          12610           6573         107369
  QuickSort    Comparacoes         Trocas    Tempo [µs]
          0        5346275        2448079         489992
          1        5033928        1806458         386081
          2        4798046        1071902         316103
          3        4800334        1595775         386629
          4        4895262        1181577         338810
      Media        4974769        1620758         383523
        std         204693         492684          59827
