
  N = 10000
    TimSort    Comparacoes         Trocas    Tempo [µs]
          0         188577         178233          81562
          1         188302         177938          80267
          2         191817         181515          81202
          3         189309         178915          81976
          4         189881         179522          88571
      Media         189577         179224          82715
        std           1249           1270           2981

  N = 50000
    TimSort    Comparacoes         Trocas    Tempo [µs]
          0         985285         933260        2234372
          1         960552         908497        2213723
          2         975539         923321        2221735
          3         969752         917574        2327836
          4         959076         906944        2348790
      Media         970040         917919        2269291
        std           9725           9735          57124

 N = 100000
    TimSort    Comparacoes         Trocas    Tempo [µs]
          0        2055993        1951346        9134966
          1        2061411        1956594        9159459
          2        2032057        1927441        9208921
          3        2065276        1960609        9100968
          4        2056915        1951926        9097117
      Media        2054330        1949583        9140286
        std          11623          11572          41270

 N = 500000
    TimSort    Comparacoes         Trocas    Tempo [µs]
          0              0              0              0
          1              0              0              0
          2              0              0              0
          3              0              0              0
          4              0              0              0
      Media              0              0              0
        std              0              0              0

N = 1000000
    TimSort    Comparacoes         Trocas    Tempo [µs]
          0              0              0              0
          1              0              0              0
          2              0              0              0
          3              0              0              0
          4              0              0              0
      Media              0              0              0
        std              0              0              0
